  3.00000000E+00  1.66666667E+00  4.50000000E+00  1.70800000E+02  1.66666667E+00
  8.00000000E+00  1.66666667E+00  1.20000000E+01  1.70800000E+02  1.66666667E+00
  1.30000000E+01  1.66666667E+00  1.95000000E+01  1.70800000E+02  1.66666667E+00
  1.80000000E+01  1.66666666E+00  2.70000000E+01  1.70800000E+02  1.66666666E+00
  2.30000000E+01  1.66666639E+00  3.45000001E+01  1.70800000E+02  1.66666639E+00
  2.80000000E+01  1.66666230E+00  4.20000062E+01  1.70800000E+02  1.66666230E+00
  3.30000000E+01  1.66663318E+00  4.95000985E+01  1.70800000E+02  1.66663318E+00
  3.80000000E+01  1.66650903E+00  5.70007598E+01  1.70800000E+02  1.66650903E+00
  4.30000000E+01  1.66613959E+00  6.45036462E+01  1.70800005E+02  1.66613959E+00
  4.80000000E+01  1.66529260E+00  7.20126283E+01  1.70800037E+02  1.66529260E+00
  5.30000000E+01  1.66369150E+00  7.95346266E+01  1.70800200E+02  1.66369150E+00
  5.80000000E+01  1.66107424E+00  8.70798696E+01  1.70800803E+02  1.66107424E+00
  6.30000000E+01  1.65724678E+00  9.46615206E+01  1.70802584E+02  1.65724678E+00
  6.80000000E+01  1.65211519E+00  1.02294855E+02  1.70807002E+02  1.65211519E+00
  7.30000000E+01  1.64569325E+00  1.09996235E+02  1.70816549E+02  1.64569325E+00
  7.80000000E+01  1.63809023E+00  1.17782085E+02  1.70835031E+02  1.63809023E+00
  8.30000000E+01  1.62948697E+00  1.25667999E+02  1.70867745E+02  1.62948697E+00
  8.80000000E+01  1.62010759E+00  1.33668037E+02  1.70921546E+02  1.62010759E+00
  9.30000000E+01  1.61019252E+00  1.41794233E+02  1.71004783E+02  1.61019252E+00
  9.80000000E+01  1.59997622E+00  1.50056308E+02  1.71127116E+02  1.59997622E+00
  1.03000000E+02  1.58967121E+00  1.58461561E+02  1.71299266E+02  1.58967121E+00
  1.08000000E+02  1.57945845E+00  1.67014911E+02  1.71532689E+02  1.57945845E+00
  1.13000000E+02  1.56948313E+00  1.75719053E+02  1.71839245E+02  1.56948313E+00
  1.18000000E+02  1.55985475E+00  1.84574693E+02  1.72230857E+02  1.55985475E+00
  1.23000000E+02  1.55064988E+00  1.93580829E+02  1.72719196E+02  1.55064988E+00
  1.28000000E+02  1.54191672E+00  2.02735053E+02  1.73315398E+02  1.54191672E+00
  1.33000000E+02  1.53368015E+00  2.12033849E+02  1.74029830E+02  1.53368015E+00
  1.38000000E+02  1.52594690E+00  2.21472869E+02  1.74871893E+02  1.52594690E+00
  1.43000000E+02  1.51871025E+00  2.31047175E+02  1.75849883E+02  1.51871025E+00
  1.48000000E+02  1.51195405E+00  2.40751454E+02  1.76970890E+02  1.51195405E+00
  1.53000000E+02  1.50565606E+00  2.50580179E+02  1.78240740E+02  1.50565606E+00
  1.58000000E+02  1.49979057E+00  2.60527743E+02  1.79663979E+02  1.49979057E+00
  1.63000000E+02  1.49433033E+00  2.70588559E+02  1.81243881E+02  1.49433033E+00
  1.68000000E+02  1.48924797E+00  2.80757130E+02  1.82982487E+02  1.48924797E+00
  1.73000000E+02  1.48451691E+00  2.91028092E+02  1.84880667E+02  1.48451691E+00
  1.78000000E+02  1.48011201E+00  3.01396245E+02  1.86938199E+02  1.48011201E+00
  1.83000000E+02  1.47600981E+00  3.11856565E+02  1.89153850E+02  1.47600981E+00
  1.88000000E+02  1.47218874E+00  3.22404215E+02  1.91525481E+02  1.47218874E+00
  1.93000000E+02  1.46862904E+00  3.33034538E+02  1.94050146E+02  1.46862904E+00
  1.98000000E+02  1.46531274E+00  3.43743055E+02  1.96724196E+02  1.46531274E+00
  2.03000000E+02  1.46222344E+00  3.54525460E+02  1.99543378E+02  1.46222344E+00
  2.08000000E+02  1.45934623E+00  3.65377613E+02  2.02502941E+02  1.45934623E+00
  2.13000000E+02  1.45666746E+00  3.76295531E+02  2.05597728E+02  1.45666746E+00
  2.18000000E+02  1.45417457E+00  3.87275385E+02  2.08822267E+02  1.45417457E+00
  2.23000000E+02  1.45185602E+00  3.98313496E+02  2.12170852E+02  1.45185602E+00
  2.28000000E+02  1.44970106E+00  4.09406329E+02  2.15637621E+02  1.44970106E+00
  2.33000000E+02  1.44769970E+00  4.20550491E+02  2.19216626E+02  1.44769970E+00
  2.38000000E+02  1.44584255E+00  4.31742730E+02  2.22901892E+02  1.44584255E+00
  2.43000000E+02  1.44412079E+00  4.42979934E+02  2.26687470E+02  1.44412079E+00
  2.48000000E+02  1.44252610E+00  4.54259127E+02  2.30567487E+02  1.44252610E+00
  2.53000000E+02  1.44105058E+00  4.65577471E+02  2.34536182E+02  1.44105058E+00
  2.58000000E+02  1.43968675E+00  4.76932263E+02  2.38587942E+02  1.43968675E+00
  2.63000000E+02  1.43842751E+00  4.88320935E+02  2.42717326E+02  1.43842751E+00
  2.68000000E+02  1.43726608E+00  4.99741051E+02  2.46919089E+02  1.43726608E+00
  2.73000000E+02  1.43619604E+00  5.11190306E+02  2.51188200E+02  1.43619604E+00
  2.78000000E+02  1.43521130E+00  5.22666523E+02  2.55519848E+02  1.43521130E+00
  2.83000000E+02  1.43430604E+00  5.34167650E+02  2.59909458E+02  1.43430604E+00
  2.88000000E+02  1.43347476E+00  5.45691761E+02  2.64352689E+02  1.43347476E+00
  2.93000000E+02  1.43271225E+00  5.57237045E+02  2.68845439E+02  1.43271225E+00
  2.98000000E+02  1.43201357E+00  5.68801807E+02  2.73383846E+02  1.43201357E+00
  3.03000000E+02  1.43137407E+00  5.80384465E+02  2.77964278E+02  1.43137407E+00
  3.08000000E+02  1.43078935E+00  5.91983543E+02  2.82583336E+02  1.43078935E+00
  3.13000000E+02  1.43025528E+00  6.03597667E+02  2.87237843E+02  1.43025528E+00
  3.18000000E+02  1.42976796E+00  6.15225559E+02  2.91924836E+02  1.42976796E+00
  3.23000000E+02  1.42932375E+00  6.26866037E+02  2.96641563E+02  1.42932375E+00
  3.28000000E+02  1.42891923E+00  6.38518005E+02  3.01385468E+02  1.42891923E+00
  3.33000000E+02  1.42855121E+00  6.50180450E+02  3.06154182E+02  1.42855121E+00
  3.38000000E+02  1.42821672E+00  6.61852439E+02  3.10945518E+02  1.42821672E+00
  3.43000000E+02  1.42791297E+00  6.73533111E+02  3.15757457E+02  1.42791297E+00
  3.48000000E+02  1.42763739E+00  6.85221676E+02  3.20588139E+02  1.42763739E+00
  3.53000000E+02  1.42738757E+00  6.96917409E+02  3.25435854E+02  1.42738757E+00
  3.58000000E+02  1.42716130E+00  7.08619642E+02  3.30299032E+02  1.42716130E+00
  3.63000000E+02  1.42695652E+00  7.20327769E+02  3.35176232E+02  1.42695652E+00
  3.68000000E+02  1.42677131E+00  7.32041231E+02  3.40066137E+02  1.42677131E+00
  3.73000000E+02  1.42660393E+00  7.43759522E+02  3.44967540E+02  1.42660393E+00
  3.78000000E+02  1.42645274E+00  7.55482178E+02  3.49879342E+02  1.42645274E+00
  3.83000000E+02  1.42631627E+00  7.67208779E+02  3.54800538E+02  1.42631627E+00
  3.88000000E+02  1.42619312E+00  7.78938942E+02  3.59730215E+02  1.42619312E+00
  3.93000000E+02  1.42608204E+00  7.90672321E+02  3.64667540E+02  1.42608204E+00
  3.98000000E+02  1.42598186E+00  8.02408601E+02  3.69611756E+02  1.42598186E+00
  4.03000000E+02  1.42589152E+00  8.14147498E+02  3.74562178E+02  1.42589152E+00
  4.08000000E+02  1.42581004E+00  8.25888758E+02  3.79518181E+02  1.42581004E+00
  4.13000000E+02  1.42573652E+00  8.37632149E+02  3.84479202E+02  1.42573652E+00
  4.18000000E+02  1.42567013E+00  8.49377464E+02  3.89444730E+02  1.42567013E+00
  4.23000000E+02  1.42561013E+00  8.61124519E+02  3.94414302E+02  1.42561013E+00
  4.28000000E+02  1.42555582E+00  8.72873146E+02  3.99387501E+02  1.42555582E+00
  4.33000000E+02  1.42550657E+00  8.84623199E+02  4.04363949E+02  1.42550657E+00
  4.38000000E+02  1.42546181E+00  8.96374545E+02  4.09343306E+02  1.42546181E+00
  4.43000000E+02  1.42542100E+00  9.08127071E+02  4.14325265E+02  1.42542100E+00
  4.48000000E+02  1.42538366E+00  9.19880672E+02  4.19309549E+02  1.42538366E+00
  4.53000000E+02  1.42534933E+00  9.31635261E+02  4.24295911E+02  1.42534933E+00
  4.58000000E+02  1.42531762E+00  9.43390760E+02  4.29284126E+02  1.42531762E+00
  4.63000000E+02  1.42528815E+00  9.55147101E+02  4.34273992E+02  1.42528815E+00
  4.68000000E+02  1.42526057E+00  9.66904229E+02  4.39265330E+02  1.42526057E+00
  4.73000000E+02  1.42523456E+00  9.78662096E+02  4.44257977E+02  1.42523456E+00
  4.78000000E+02  1.42520984E+00  9.90420662E+02  4.49251788E+02  1.42520984E+00
  4.83000000E+02  1.42518613E+00  1.00217990E+03  4.54246632E+02  1.42518613E+00
  4.88000000E+02  1.42516319E+00  1.01393977E+03  4.59242393E+02  1.42516319E+00
  4.93000000E+02  1.42514078E+00  1.02570028E+03  4.64238966E+02  1.42514078E+00
  4.98000000E+02  1.42511869E+00  1.03746139E+03  4.69236258E+02  1.42511869E+00
  5.03000000E+02  1.42509673E+00  1.04922312E+03  4.74234184E+02  1.42509673E+00
  5.08000000E+02  1.42507470E+00  1.06098545E+03  4.79232671E+02  1.42507470E+00
  5.13000000E+02  1.42505244E+00  1.07274840E+03  4.84231652E+02  1.42505244E+00
  5.18000000E+02  1.42502978E+00  1.08451196E+03  4.89231067E+02  1.42502978E+00
  5.23000000E+02  1.42500658E+00  1.09627616E+03  4.94230863E+02  1.42500658E+00
  5.28000000E+02  1.42498268E+00  1.10804101E+03  4.99230994E+02  1.42498268E+00
  5.33000000E+02  1.42495797E+00  1.11980653E+03  5.04231416E+02  1.42495797E+00
  5.38000000E+02  1.42493231E+00  1.13157275E+03  5.09232093E+02  1.42493231E+00
  5.43000000E+02  1.42490558E+00  1.14333969E+03  5.14232992E+02  1.42490558E+00
  5.48000000E+02  1.42487767E+00  1.15510739E+03  5.19234082E+02  1.42487767E+00
  5.53000000E+02  1.42484847E+00  1.16687588E+03  5.24235338E+02  1.42484847E+00
  5.58000000E+02  1.42481789E+00  1.17864519E+03  5.29236736E+02  1.42481789E+00
  5.63000000E+02  1.42478582E+00  1.19041537E+03  5.34238256E+02  1.42478582E+00
  5.68000000E+02  1.42475216E+00  1.20218647E+03  5.39239880E+02  1.42475216E+00
  5.73000000E+02  1.42471684E+00  1.21395852E+03  5.44241591E+02  1.42471684E+00
  5.78000000E+02  1.42467977E+00  1.22573157E+03  5.49243375E+02  1.42467977E+00
  5.83000000E+02  1.42464086E+00  1.23750567E+03  5.54245220E+02  1.42464086E+00
  5.88000000E+02  1.42460004E+00  1.24928088E+03  5.59247114E+02  1.42460004E+00
  5.93000000E+02  1.42455724E+00  1.26105724E+03  5.64249048E+02  1.42455724E+00
  5.98000000E+02  1.42451237E+00  1.27283483E+03  5.69251013E+02  1.42451237E+00
  6.03000000E+02  1.42446538E+00  1.28461368E+03  5.74253001E+02  1.42446538E+00
  6.08000000E+02  1.42441619E+00  1.29639388E+03  5.79255007E+02  1.42441619E+00
  6.13000000E+02  1.42436474E+00  1.30817546E+03  5.84257024E+02  1.42436474E+00
  6.18000000E+02  1.42431097E+00  1.31995851E+03  5.89259047E+02  1.42431097E+00
  6.23000000E+02  1.42425483E+00  1.33174308E+03  5.94261072E+02  1.42425483E+00
  6.28000000E+02  1.42419625E+00  1.34352925E+03  5.99263095E+02  1.42419625E+00
  6.33000000E+02  1.42413518E+00  1.35531708E+03  6.04265113E+02  1.42413518E+00
  6.38000000E+02  1.42407157E+00  1.36710664E+03  6.09267123E+02  1.42407157E+00
  6.43000000E+02  1.42400537E+00  1.37889800E+03  6.14269122E+02  1.42400537E+00
  6.48000000E+02  1.42393654E+00  1.39069124E+03  6.19271108E+02  1.42393654E+00
  6.53000000E+02  1.42386502E+00  1.40248644E+03  6.24273080E+02  1.42386502E+00
  6.58000000E+02  1.42379077E+00  1.41428366E+03  6.29275036E+02  1.42379077E+00
  6.63000000E+02  1.42371376E+00  1.42608299E+03  6.34276974E+02  1.42371376E+00
  6.68000000E+02  1.42363395E+00  1.43788450E+03  6.39278895E+02  1.42363395E+00
  6.73000000E+02  1.42355129E+00  1.44968827E+03  6.44280796E+02  1.42355129E+00
  6.78000000E+02  1.42346577E+00  1.46149439E+03  6.49282677E+02  1.42346577E+00
  6.83000000E+02  1.42337733E+00  1.47330293E+03  6.54284538E+02  1.42337733E+00
  6.88000000E+02  1.42328595E+00  1.48511398E+03  6.59286377E+02  1.42328595E+00
  6.93000000E+02  1.42319162E+00  1.49692762E+03  6.64288196E+02  1.42319162E+00
  6.98000000E+02  1.42309429E+00  1.50874394E+03  6.69289993E+02  1.42309429E+00
  7.03000000E+02  1.42299394E+00  1.52056302E+03  6.74291768E+02  1.42299394E+00
  7.08000000E+02  1.42289056E+00  1.53238494E+03  6.79293522E+02  1.42289056E+00
  7.13000000E+02  1.42278412E+00  1.54420980E+03  6.84295254E+02  1.42278412E+00
  7.18000000E+02  1.42267461E+00  1.55603767E+03  6.89296964E+02  1.42267461E+00
  7.23000000E+02  1.42256201E+00  1.56786866E+03  6.94298652E+02  1.42256201E+00
  7.28000000E+02  1.42244631E+00  1.57970284E+03  6.99300319E+02  1.42244631E+00
  7.33000000E+02  1.42232749E+00  1.59154031E+03  7.04301965E+02  1.42232749E+00
  7.38000000E+02  1.42220555E+00  1.60338115E+03  7.09303590E+02  1.42220555E+00
  7.43000000E+02  1.42208047E+00  1.61522545E+03  7.14305193E+02  1.42208047E+00
  7.48000000E+02  1.42195226E+00  1.62707331E+03  7.19306776E+02  1.42195226E+00
  7.53000000E+02  1.42182090E+00  1.63892482E+03  7.24308338E+02  1.42182090E+00
  7.58000000E+02  1.42168640E+00  1.65078006E+03  7.29309880E+02  1.42168640E+00
  7.63000000E+02  1.42154876E+00  1.66263912E+03  7.34311402E+02  1.42154876E+00
  7.68000000E+02  1.42140797E+00  1.67450210E+03  7.39312905E+02  1.42140797E+00
  7.73000000E+02  1.42126404E+00  1.68636909E+03  7.44314388E+02  1.42126404E+00
  7.78000000E+02  1.42111698E+00  1.69824018E+03  7.49315852E+02  1.42111698E+00
  7.83000000E+02  1.42096678E+00  1.71011547E+03  7.54317297E+02  1.42096678E+00
  7.88000000E+02  1.42081347E+00  1.72199503E+03  7.59318723E+02  1.42081347E+00
  7.93000000E+02  1.42065705E+00  1.73387896E+03  7.64320131E+02  1.42065705E+00
  7.98000000E+02  1.42049753E+00  1.74576736E+03  7.69321522E+02  1.42049753E+00
  8.03000000E+02  1.42033493E+00  1.75766032E+03  7.74322894E+02  1.42033493E+00
  8.08000000E+02  1.42016926E+00  1.76955791E+03  7.79324250E+02  1.42016926E+00
  8.13000000E+02  1.42000053E+00  1.78146025E+03  7.84325588E+02  1.42000053E+00
  8.18000000E+02  1.41982876E+00  1.79336741E+03  7.89326909E+02  1.41982876E+00
  8.23000000E+02  1.41965398E+00  1.80527948E+03  7.94328214E+02  1.41965398E+00
  8.28000000E+02  1.41947620E+00  1.81719656E+03  7.99329503E+02  1.41947620E+00
  8.33000000E+02  1.41929545E+00  1.82911874E+03  8.04330776E+02  1.41929545E+00
  8.38000000E+02  1.41911175E+00  1.84104610E+03  8.09332033E+02  1.41911175E+00
  8.43000000E+02  1.41892512E+00  1.85297872E+03  8.14333275E+02  1.41892512E+00
  8.48000000E+02  1.41873558E+00  1.86491671E+03  8.19334502E+02  1.41873558E+00
  8.53000000E+02  1.41854317E+00  1.87686014E+03  8.24335714E+02  1.41854317E+00
  8.58000000E+02  1.41834792E+00  1.88880911E+03  8.29336911E+02  1.41834792E+00
  8.63000000E+02  1.41814984E+00  1.90076369E+03  8.34338094E+02  1.41814984E+00
  8.68000000E+02  1.41794898E+00  1.91272398E+03  8.39339263E+02  1.41794898E+00
  8.73000000E+02  1.41774536E+00  1.92469006E+03  8.44340418E+02  1.41774536E+00
  8.78000000E+02  1.41753901E+00  1.93666201E+03  8.49341560E+02  1.41753901E+00
  8.83000000E+02  1.41732997E+00  1.94863991E+03  8.54342688E+02  1.41732997E+00
  8.88000000E+02  1.41711827E+00  1.96062386E+03  8.59343802E+02  1.41711827E+00
  8.93000000E+02  1.41690395E+00  1.97261393E+03  8.64344904E+02  1.41690395E+00
  8.98000000E+02  1.41668704E+00  1.98461020E+03  8.69345994E+02  1.41668704E+00
  9.03000000E+02  1.41646757E+00  1.99661276E+03  8.74347070E+02  1.41646757E+00
  9.08000000E+02  1.41624558E+00  2.00862168E+03  8.79348135E+02  1.41624558E+00
  9.13000000E+02  1.41602112E+00  2.02063704E+03  8.84349187E+02  1.41602112E+00
  9.18000000E+02  1.41579421E+00  2.03265892E+03  8.89350228E+02  1.41579421E+00
  9.23000000E+02  1.41556490E+00  2.04468739E+03  8.94351257E+02  1.41556490E+00
  9.28000000E+02  1.41533322E+00  2.05672255E+03  8.99352274E+02  1.41533322E+00
  9.33000000E+02  1.41509922E+00  2.06876445E+03  9.04353280E+02  1.41509922E+00
  9.38000000E+02  1.41486294E+00  2.08081317E+03  9.09354275E+02  1.41486294E+00
  9.43000000E+02  1.41462441E+00  2.09286879E+03  9.14355259E+02  1.41462441E+00
  9.48000000E+02  1.41438367E+00  2.10493139E+03  9.19356232E+02  1.41438367E+00
  9.53000000E+02  1.41414077E+00  2.11700102E+03  9.24357195E+02  1.41414077E+00
  9.58000000E+02  1.41389576E+00  2.12907776E+03  9.29358147E+02  1.41389576E+00
  9.63000000E+02  1.41364866E+00  2.14116169E+03  9.34359089E+02  1.41364866E+00
  9.68000000E+02  1.41339952E+00  2.15325287E+03  9.39360021E+02  1.41339952E+00
  9.73000000E+02  1.41314839E+00  2.16535137E+03  9.44360943E+02  1.41314839E+00
  9.78000000E+02  1.41289531E+00  2.17745725E+03  9.49361855E+02  1.41289531E+00
  9.83000000E+02  1.41264031E+00  2.18957058E+03  9.54362758E+02  1.41264031E+00
  9.88000000E+02  1.41238345E+00  2.20169143E+03  9.59363651E+02  1.41238345E+00
  9.93000000E+02  1.41212476E+00  2.21381986E+03  9.64364535E+02  1.41212476E+00
  9.98000000E+02  1.41186429E+00  2.22595593E+03  9.69365410E+02  1.41186429E+00
  1.00300000E+03  1.41160208E+00  2.23809970E+03  9.74366276E+02  1.41160208E+00
  1.00800000E+03  1.41133818E+00  2.25025124E+03  9.79367132E+02  1.41133818E+00
  1.01300000E+03  1.41107262E+00  2.26241060E+03  9.84367981E+02  1.41107262E+00
  1.01800000E+03  1.41080545E+00  2.27457784E+03  9.89368820E+02  1.41080545E+00
  1.02300000E+03  1.41053671E+00  2.28675302E+03  9.94369651E+02  1.41053671E+00
  1.02800000E+03  1.41026645E+00  2.29893620E+03  9.99370474E+02  1.41026645E+00
  1.03300000E+03  1.40999471E+00  2.31112742E+03  1.00437129E+03  1.40999471E+00
  1.03800000E+03  1.40972152E+00  2.32332675E+03  1.00937209E+03  1.40972152E+00
  1.04300000E+03  1.40944694E+00  2.33553424E+03  1.01437289E+03  1.40944694E+00
  1.04800000E+03  1.40917100E+00  2.34774994E+03  1.01937368E+03  1.40917100E+00
  1.05300000E+03  1.40889375E+00  2.35997390E+03  1.02437447E+03  1.40889375E+00
  1.05800000E+03  1.40861523E+00  2.37220617E+03  1.02937524E+03  1.40861523E+00
  1.06300000E+03  1.40833547E+00  2.38444680E+03  1.03437601E+03  1.40833547E+00
  1.06800000E+03  1.40805453E+00  2.39669584E+03  1.03937677E+03  1.40805453E+00
  1.07300000E+03  1.40777244E+00  2.40895333E+03  1.04437752E+03  1.40777244E+00
  1.07800000E+03  1.40748924E+00  2.42121932E+03  1.04937827E+03  1.40748924E+00
  1.08300000E+03  1.40720497E+00  2.43349386E+03  1.05437901E+03  1.40720497E+00
  1.08800000E+03  1.40691968E+00  2.44577698E+03  1.05937974E+03  1.40691968E+00
  1.09300000E+03  1.40663340E+00  2.45806873E+03  1.06438046E+03  1.40663340E+00
  1.09800000E+03  1.40634617E+00  2.47036916E+03  1.06938118E+03  1.40634617E+00
  1.10300000E+03  1.40605804E+00  2.48267829E+03  1.07438189E+03  1.40605804E+00
  1.10800000E+03  1.40576903E+00  2.49499618E+03  1.07938260E+03  1.40576903E+00
  1.11300000E+03  1.40547920E+00  2.50732285E+03  1.08438329E+03  1.40547920E+00
  1.11800000E+03  1.40518857E+00  2.51965836E+03  1.08938398E+03  1.40518857E+00
  1.12300000E+03  1.40489719E+00  2.53200272E+03  1.09438467E+03  1.40489719E+00
  1.12800000E+03  1.40460508E+00  2.54435598E+03  1.09938535E+03  1.40460508E+00
  1.13300000E+03  1.40431230E+00  2.55671818E+03  1.10438602E+03  1.40431230E+00
  1.13800000E+03  1.40401887E+00  2.56908934E+03  1.10938669E+03  1.40401887E+00
  1.14300000E+03  1.40372484E+00  2.58146950E+03  1.11438735E+03  1.40372484E+00
  1.14800000E+03  1.40343023E+00  2.59385868E+03  1.11938800E+03  1.40343023E+00
  1.15300000E+03  1.40313508E+00  2.60625693E+03  1.12438865E+03  1.40313508E+00
  1.15800000E+03  1.40283943E+00  2.61866427E+03  1.12938930E+03  1.40283943E+00
  1.16300000E+03  1.40254331E+00  2.63108072E+03  1.13438993E+03  1.40254331E+00
  1.16800000E+03  1.40224676E+00  2.64350631E+03  1.13939056E+03  1.40224676E+00
  1.17300000E+03  1.40194980E+00  2.65594108E+03  1.14439119E+03  1.40194980E+00
  1.17800000E+03  1.40165248E+00  2.66838504E+03  1.14939181E+03  1.40165248E+00
  1.18300000E+03  1.40135482E+00  2.68083822E+03  1.15439243E+03  1.40135482E+00
  1.18800000E+03  1.40105685E+00  2.69330065E+03  1.15939304E+03  1.40105685E+00
  1.19300000E+03  1.40075862E+00  2.70577235E+03  1.16439364E+03  1.40075862E+00
  1.19800000E+03  1.40046014E+00  2.71825333E+03  1.16939424E+03  1.40046014E+00
  1.20300000E+03  1.40016145E+00  2.73074362E+03  1.17439484E+03  1.40016145E+00
  1.20800000E+03  1.39986258E+00  2.74324324E+03  1.17939542E+03  1.39986258E+00
  1.21300000E+03  1.39956356E+00  2.75575221E+03  1.18439601E+03  1.39956356E+00
  1.21800000E+03  1.39926442E+00  2.76827055E+03  1.18939659E+03  1.39926442E+00
  1.22300000E+03  1.39896518E+00  2.78079827E+03  1.19439716E+03  1.39896518E+00
  1.22800000E+03  1.39866588E+00  2.79333539E+03  1.19939773E+03  1.39866588E+00
  1.23300000E+03  1.39836655E+00  2.80588193E+03  1.20439830E+03  1.39836655E+00
  1.23800000E+03  1.39806720E+00  2.81843790E+03  1.20939886E+03  1.39806720E+00
  1.24300000E+03  1.39776787E+00  2.83100332E+03  1.21439941E+03  1.39776787E+00
  1.24800000E+03  1.39746859E+00  2.84357819E+03  1.21939997E+03  1.39746859E+00
  1.25300000E+03  1.39716938E+00  2.85616254E+03  1.22440051E+03  1.39716938E+00
  1.25800000E+03  1.39687026E+00  2.86875637E+03  1.22940105E+03  1.39687026E+00
  1.26300000E+03  1.39657126E+00  2.88135969E+03  1.23440159E+03  1.39657126E+00
  1.26800000E+03  1.39627240E+00  2.89397252E+03  1.23940213E+03  1.39627240E+00
  1.27300000E+03  1.39597372E+00  2.90659486E+03  1.24440265E+03  1.39597372E+00
  1.27800000E+03  1.39567523E+00  2.91922672E+03  1.24940318E+03  1.39567523E+00
  1.28300000E+03  1.39537695E+00  2.93186811E+03  1.25440370E+03  1.39537695E+00
  1.28800000E+03  1.39507891E+00  2.94451904E+03  1.25940422E+03  1.39507891E+00
  1.29300000E+03  1.39478113E+00  2.95717951E+03  1.26440473E+03  1.39478113E+00
  1.29800000E+03  1.39448364E+00  2.96984953E+03  1.26940524E+03  1.39448364E+00
  1.30300000E+03  1.39418644E+00  2.98252910E+03  1.27440574E+03  1.39418644E+00
  1.30800000E+03  1.39388958E+00  2.99521823E+03  1.27940624E+03  1.39388958E+00
  1.31300000E+03  1.39359305E+00  3.00791693E+03  1.28440674E+03  1.39359305E+00
  1.31800000E+03  1.39329690E+00  3.02062519E+03  1.28940723E+03  1.39329690E+00
  1.32300000E+03  1.39300113E+00  3.03334301E+03  1.29440772E+03  1.39300113E+00
  1.32800000E+03  1.39270576E+00  3.04607041E+03  1.29940820E+03  1.39270576E+00
  1.33300000E+03  1.39241081E+00  3.05880737E+03  1.30440869E+03  1.39241081E+00
  1.33800000E+03  1.39211631E+00  3.07155390E+03  1.30940916E+03  1.39211631E+00
  1.34300000E+03  1.39182227E+00  3.08431001E+03  1.31440964E+03  1.39182227E+00
  1.34800000E+03  1.39152870E+00  3.09707568E+03  1.31941011E+03  1.39152870E+00
  1.35300000E+03  1.39123562E+00  3.10985092E+03  1.32441057E+03  1.39123562E+00
  1.35800000E+03  1.39094306E+00  3.12263572E+03  1.32941104E+03  1.39094306E+00
  1.36300000E+03  1.39065103E+00  3.13543009E+03  1.33441150E+03  1.39065103E+00
  1.36800000E+03  1.39035953E+00  3.14823402E+03  1.33941195E+03  1.39035953E+00
  1.37300000E+03  1.39006860E+00  3.16104750E+03  1.34441241E+03  1.39006860E+00
  1.37800000E+03  1.38977824E+00  3.17387054E+03  1.34941286E+03  1.38977824E+00
  1.38300000E+03  1.38948847E+00  3.18670312E+03  1.35441330E+03  1.38948847E+00
  1.38800000E+03  1.38919930E+00  3.19954524E+03  1.35941375E+03  1.38919930E+00
  1.39300000E+03  1.38891074E+00  3.21239689E+03  1.36441418E+03  1.38891074E+00
  1.39800000E+03  1.38862282E+00  3.22525808E+03  1.36941462E+03  1.38862282E+00
  1.40300000E+03  1.38833555E+00  3.23812878E+03  1.37441505E+03  1.38833555E+00
  1.40800000E+03  1.38804893E+00  3.25100900E+03  1.37941548E+03  1.38804893E+00
  1.41300000E+03  1.38776298E+00  3.26389873E+03  1.38441591E+03  1.38776298E+00
  1.41800000E+03  1.38747771E+00  3.27679795E+03  1.38941634E+03  1.38747771E+00
  1.42300000E+03  1.38719313E+00  3.28970667E+03  1.39441676E+03  1.38719313E+00
  1.42800000E+03  1.38690927E+00  3.30262486E+03  1.39941717E+03  1.38690927E+00
  1.43300000E+03  1.38662611E+00  3.31555252E+03  1.40441759E+03  1.38662611E+00
  1.43800000E+03  1.38634369E+00  3.32848964E+03  1.40941800E+03  1.38634369E+00
  1.44300000E+03  1.38606201E+00  3.34143621E+03  1.41441841E+03  1.38606201E+00
  1.44800000E+03  1.38578107E+00  3.35439221E+03  1.41941882E+03  1.38578107E+00
  1.45300000E+03  1.38550089E+00  3.36735765E+03  1.42441922E+03  1.38550089E+00
  1.45800000E+03  1.38522149E+00  3.38033249E+03  1.42941962E+03  1.38522149E+00
  1.46300000E+03  1.38494286E+00  3.39331674E+03  1.43442002E+03  1.38494286E+00
  1.46800000E+03  1.38466502E+00  3.40631037E+03  1.43942041E+03  1.38466502E+00
  1.47300000E+03  1.38438797E+00  3.41931338E+03  1.44442080E+03  1.38438797E+00
  1.47800000E+03  1.38411173E+00  3.43232575E+03  1.44942119E+03  1.38411173E+00
  1.48300000E+03  1.38383630E+00  3.44534747E+03  1.45442158E+03  1.38383630E+00
  1.48800000E+03  1.38356169E+00  3.45837853E+03  1.45942196E+03  1.38356169E+00
  1.49300000E+03  1.38328791E+00  3.47141890E+03  1.46442235E+03  1.38328791E+00
  1.49800000E+03  1.38301497E+00  3.48446858E+03  1.46942272E+03  1.38301497E+00
  1.50300000E+03  1.38274287E+00  3.49752754E+03  1.47442310E+03  1.38274287E+00
  1.50800000E+03  1.38247163E+00  3.51059578E+03  1.47942347E+03  1.38247163E+00
  1.51300000E+03  1.38220124E+00  3.52367327E+03  1.48442385E+03  1.38220124E+00
  1.51800000E+03  1.38193171E+00  3.53676000E+03  1.48942421E+03  1.38193171E+00
  1.52300000E+03  1.38166305E+00  3.54985596E+03  1.49442458E+03  1.38166305E+00
  1.52800000E+03  1.38139527E+00  3.56296113E+03  1.49942494E+03  1.38139527E+00
  1.53300000E+03  1.38112837E+00  3.57607548E+03  1.50442531E+03  1.38112837E+00
  1.53800000E+03  1.38086236E+00  3.58919900E+03  1.50942566E+03  1.38086236E+00
  1.54300000E+03  1.38059724E+00  3.60233168E+03  1.51442602E+03  1.38059724E+00
  1.54800000E+03  1.38033301E+00  3.61547350E+03  1.51942637E+03  1.38033301E+00
  1.55300000E+03  1.38006969E+00  3.62862443E+03  1.52442673E+03  1.38006969E+00
  1.55800000E+03  1.37980728E+00  3.64178446E+03  1.52942708E+03  1.37980728E+00
  1.56300000E+03  1.37954578E+00  3.65495357E+03  1.53442742E+03  1.37954578E+00
  1.56800000E+03  1.37928519E+00  3.66813175E+03  1.53942777E+03  1.37928519E+00
  1.57300000E+03  1.37902552E+00  3.68131896E+03  1.54442811E+03  1.37902552E+00
  1.57800000E+03  1.37876678E+00  3.69451519E+03  1.54942845E+03  1.37876678E+00
  1.58300000E+03  1.37850896E+00  3.70772043E+03  1.55442879E+03  1.37850896E+00
  1.58800000E+03  1.37825207E+00  3.72093465E+03  1.55942913E+03  1.37825207E+00
  1.59300000E+03  1.37799612E+00  3.73415783E+03  1.56442946E+03  1.37799612E+00
  1.59800000E+03  1.37774110E+00  3.74738995E+03  1.56942979E+03  1.37774110E+00
  1.60300000E+03  1.37748702E+00  3.76063098E+03  1.57443012E+03  1.37748702E+00
  1.60800000E+03  1.37723389E+00  3.77388092E+03  1.57943045E+03  1.37723389E+00
  1.61300000E+03  1.37698170E+00  3.78713974E+03  1.58443077E+03  1.37698170E+00
  1.61800000E+03  1.37673045E+00  3.80040741E+03  1.58943110E+03  1.37673045E+00
  1.62300000E+03  1.37648016E+00  3.81368391E+03  1.59443142E+03  1.37648016E+00
  1.62800000E+03  1.37623082E+00  3.82696923E+03  1.59943174E+03  1.37623082E+00
  1.63300000E+03  1.37598243E+00  3.84026334E+03  1.60443206E+03  1.37598243E+00
  1.63800000E+03  1.37573499E+00  3.85356622E+03  1.60943237E+03  1.37573499E+00
  1.64300000E+03  1.37548851E+00  3.86687785E+03  1.61443269E+03  1.37548851E+00
  1.64800000E+03  1.37524299E+00  3.88019819E+03  1.61943300E+03  1.37524299E+00
  1.65300000E+03  1.37499843E+00  3.89352724E+03  1.62443331E+03  1.37499843E+00
  1.65800000E+03  1.37475483E+00  3.90686497E+03  1.62943361E+03  1.37475483E+00
  1.66300000E+03  1.37451219E+00  3.92021136E+03  1.63443392E+03  1.37451219E+00
  1.66800000E+03  1.37427051E+00  3.93356637E+03  1.63943422E+03  1.37427051E+00
  1.67300000E+03  1.37402980E+00  3.94693000E+03  1.64443453E+03  1.37402980E+00
  1.67800000E+03  1.37379005E+00  3.96030221E+03  1.64943483E+03  1.37379005E+00
  1.68300000E+03  1.37355126E+00  3.97368298E+03  1.65443513E+03  1.37355126E+00
  1.68800000E+03  1.37331344E+00  3.98707230E+03  1.65943542E+03  1.37331344E+00
  1.69300000E+03  1.37307659E+00  4.00047013E+03  1.66443572E+03  1.37307659E+00
  1.69800000E+03  1.37284069E+00  4.01387645E+03  1.66943601E+03  1.37284069E+00
  1.70300000E+03  1.37260577E+00  4.02729123E+03  1.67443630E+03  1.37260577E+00
  1.70800000E+03  1.37237180E+00  4.04071446E+03  1.67943659E+03  1.37237180E+00
  1.71300000E+03  1.37213881E+00  4.05414611E+03  1.68443688E+03  1.37213881E+00
  1.71800000E+03  1.37190677E+00  4.06758616E+03  1.68943717E+03  1.37190677E+00
  1.72300000E+03  1.37167570E+00  4.08103457E+03  1.69443745E+03  1.37167570E+00
  1.72800000E+03  1.37144560E+00  4.09449133E+03  1.69943773E+03  1.37144560E+00
  1.73300000E+03  1.37121645E+00  4.10795641E+03  1.70443801E+03  1.37121645E+00
  1.73800000E+03  1.37098827E+00  4.12142979E+03  1.70943829E+03  1.37098827E+00
  1.74300000E+03  1.37076105E+00  4.13491145E+03  1.71443857E+03  1.37076105E+00
  1.74800000E+03  1.37053479E+00  4.14840134E+03  1.71943885E+03  1.37053479E+00
  1.75300000E+03  1.37030949E+00  4.16189946E+03  1.72443912E+03  1.37030949E+00
  1.75800000E+03  1.37008514E+00  4.17540578E+03  1.72943940E+03  1.37008514E+00
  1.76300000E+03  1.36986176E+00  4.18892027E+03  1.73443967E+03  1.36986176E+00
  1.76800000E+03  1.36963933E+00  4.20244291E+03  1.73943994E+03  1.36963933E+00
  1.77300000E+03  1.36941785E+00  4.21597367E+03  1.74444020E+03  1.36941785E+00
  1.77800000E+03  1.36919733E+00  4.22951253E+03  1.74944047E+03  1.36919733E+00
  1.78300000E+03  1.36897776E+00  4.24305946E+03  1.75444074E+03  1.36897776E+00
  1.78800000E+03  1.36875914E+00  4.25661443E+03  1.75944100E+03  1.36875914E+00
  1.79300000E+03  1.36854147E+00  4.27017743E+03  1.76444126E+03  1.36854147E+00
  1.79800000E+03  1.36832475E+00  4.28374842E+03  1.76944152E+03  1.36832475E+00
  1.80300000E+03  1.36810897E+00  4.29732738E+03  1.77444178E+03  1.36810897E+00
  1.80800000E+03  1.36789413E+00  4.31091429E+03  1.77944204E+03  1.36789413E+00
  1.81300000E+03  1.36768023E+00  4.32450912E+03  1.78444230E+03  1.36768023E+00
  1.81800000E+03  1.36746728E+00  4.33811184E+03  1.78944255E+03  1.36746728E+00
  1.82300000E+03  1.36725526E+00  4.35172242E+03  1.79444281E+03  1.36725526E+00
  1.82800000E+03  1.36704418E+00  4.36534085E+03  1.79944306E+03  1.36704418E+00
  1.83300000E+03  1.36683403E+00  4.37896710E+03  1.80444331E+03  1.36683403E+00
  1.83800000E+03  1.36662481E+00  4.39260114E+03  1.80944356E+03  1.36662481E+00
  1.84300000E+03  1.36641652E+00  4.40624294E+03  1.81444381E+03  1.36641652E+00
  1.84800000E+03  1.36620916E+00  4.41989248E+03  1.81944405E+03  1.36620916E+00
  1.85300000E+03  1.36600272E+00  4.43354974E+03  1.82444430E+03  1.36600272E+00
  1.85800000E+03  1.36579720E+00  4.44721469E+03  1.82944454E+03  1.36579720E+00
  1.86300000E+03  1.36559260E+00  4.46088729E+03  1.83444478E+03  1.36559260E+00
  1.86800000E+03  1.36538892E+00  4.47456754E+03  1.83944503E+03  1.36538892E+00
  1.87300000E+03  1.36518616E+00  4.48825539E+03  1.84444527E+03  1.36518616E+00
  1.87800000E+03  1.36498430E+00  4.50195083E+03  1.84944550E+03  1.36498430E+00
  1.88300000E+03  1.36478336E+00  4.51565383E+03  1.85444574E+03  1.36478336E+00
  1.88800000E+03  1.36458332E+00  4.52936436E+03  1.85944598E+03  1.36458332E+00
  1.89300000E+03  1.36438418E+00  4.54308240E+03  1.86444621E+03  1.36438418E+00
  1.89800000E+03  1.36418595E+00  4.55680792E+03  1.86944645E+03  1.36418595E+00
  1.90300000E+03  1.36398862E+00  4.57054090E+03  1.87444668E+03  1.36398862E+00
  1.90800000E+03  1.36379218E+00  4.58428131E+03  1.87944691E+03  1.36379218E+00
  1.91300000E+03  1.36359663E+00  4.59802912E+03  1.88444714E+03  1.36359663E+00
  1.91800000E+03  1.36340197E+00  4.61178432E+03  1.88944737E+03  1.36340197E+00
  1.92300000E+03  1.36320820E+00  4.62554686E+03  1.89444760E+03  1.36320820E+00
  1.92800000E+03  1.36301532E+00  4.63931673E+03  1.89944782E+03  1.36301532E+00
  1.93300000E+03  1.36282332E+00  4.65309391E+03  1.90444805E+03  1.36282332E+00
  1.93800000E+03  1.36263219E+00  4.66687836E+03  1.90944827E+03  1.36263219E+00
  1.94300000E+03  1.36244194E+00  4.68067006E+03  1.91444849E+03  1.36244194E+00
  1.94800000E+03  1.36225256E+00  4.69446898E+03  1.91944871E+03  1.36225256E+00
  1.95300000E+03  1.36206405E+00  4.70827511E+03  1.92444894E+03  1.36206405E+00
  1.95800000E+03  1.36187641E+00  4.72208841E+03  1.92944915E+03  1.36187641E+00
  1.96300000E+03  1.36168963E+00  4.73590885E+03  1.93444937E+03  1.36168963E+00
  1.96800000E+03  1.36150371E+00  4.74973642E+03  1.93944959E+03  1.36150371E+00
  1.97300000E+03  1.36131865E+00  4.76357109E+03  1.94444981E+03  1.36131865E+00
  1.97800000E+03  1.36113444E+00  4.77741282E+03  1.94945002E+03  1.36113444E+00
  1.98300000E+03  1.36095108E+00  4.79126161E+03  1.95445023E+03  1.36095108E+00
  1.98800000E+03  1.36076857E+00  4.80511741E+03  1.95945045E+03  1.36076857E+00
  1.99300000E+03  1.36058690E+00  4.81898021E+03  1.96445066E+03  1.36058690E+00
  1.99800000E+03  1.36049630E+00  4.83284997E+03  1.96945087E+03  1.36049630E+00
